68
68
121
68
171
67
121
171
58
169
163
68
68
68
32
32
68
67
171
32
68
68
86
28
68
170
8
68
68
121
68
47
92
29
171
26
67
26
88
26
112
86
26
26
14
32
14
169
26
68
68
68
29
86
80
27
78
32
171
80
26
171
32
112
26
68
171
32
73
86
68
67
27
27
121
68
171
171
27
14
171
171
26
68
26
171
26
29
112
68
112
73
171
54
27
26
58
68
112
86
169
80
26
171
68
68
68
112
14
67
86
26
88
28
14
68
68
68
86
112
91
121
73
27
27
68
113
171
112
169
170
14
26
27
171
121
170
14
90
26
8
121
68
68
26
28
170
112
112
112
27
126
68
121
29
32
68
68
163
112
80
68
29
73
68
67
170
171
86
112
29
88
78
68
169
171
68
68
8
58
68
27
92
171
67
26
73
169
169
171
171
123
35
33
112
68
171
171
112
171
171
33
33
33
35
126
78
33
26
171
35
170
30
35
35
169
35
171
35
68
54
54
171
171
171
171
171
171
171
171
33
29
29
32
80
68
35
171
171
123
170
67
68
112
163
33
33
171
165
142
171
68
68
170
123
35
171
171
171
113
33
27
169
171
33
112
32
26
26
26
123
171
27
14
68
123
68
26
26
29
14
170
35
33
27
26
169
27
33
68
68
113
122
30
30
73
113
68
67
26
26
32
67
68
72
169
14
78
78
78
35
33
35
8
8
68
8
33
123
33
35
78
115
169
171
171
171
170
170
58
126
126
14
91
14
26
73
14
73
165
165
165
114
123
171
171
35
58
59
171
113
47
26
47
47
112
35
8
113
170
80
80
29
14
115
58
30
68
67
115
54
54
90
123
35
170
35
170
112
170
112
170
170
112
170
35
27
114
33
33
33
26
29
29
29
29
33
78
170
33
114
67
68
67
68
170
171
171
123
114
170
170
170
170
170
26
170
142
142
33
35
68
35
171
114
123
26
26
26
114
27
27
27
27
29
30
90
35
68
171
170
33
35
26
26
33
171
114
29
29
29
30
30
126
126
171
26
26
26
72
171
58
58
59
33
67
68
26
112
30
30
26
26
114
33
33
26
26
114
114
26
26
114
35
170
171
114
26
26
26
26
68
68
171
170
35
26
26
26
26
114
26
26
114
73
78
78
35
26
170
27
33
33
26
33
33
170
35
114
171
68
78
123
73
113
170
170
33
114
114
35
171
171
58
35
35
68
114
26
26
35
170
68
35
26
26
171
114
29
29
26
68
32
32
29
26
58
58
67
80
80
112
112
80
80
80
123
88
68
67
35
114
114
170
72
113
170
112
33
72
171
26
33
33
92
162
114
30
163
114
30
163
114
30
33
33
171
171
171
123
33
112
163
163
163
113
170
68
33
171
33
163
163
171
59
126
170
171
26
26
35
27
170
92
72
68
67
68
67
35
171
122
171
123
68
171
123
123
86
113
27
27
26
26
123
112
123
27
27
26
27
27
121
73
171
73
171
73
171
123
123
35
123
35
121
35
123
122
35
123
35
123
142
114
171
142
114
72
123
73
26
29
29
26
26
123
67
68
68
59
170
123
169
123
8
91
91
72
114
72
72
72
88
78
170
171
171
171
68
67
90
59
27
80
80
113
170
171
171
33
27
171
86
26
29
72
26
26
14
68
68
68
114
115
35
35
114
33
29
29
26
54
54
54
163
164
142
112
29
67
68
123
114
142
26
142
26
29
166
112
113
112
54
112
113
113
29
29
26
68
33
78
78
78
113
54
123
67
68
170
171
171
47
112
113
170
170
33
112
47
35
68
26
30
123
67
68
33
170
165
34
35
35
29
27
126
29
35
67
68
29
26
26
29
29
30
26
30
34
34
35
171
171
78
78
78
113
34
112
113
47
26
26
26
28
29
26
73
73
170
122
115
34
171
170
171
34
34
35
30
30
30
72
72
8
8
26
80
169
114
33
33
33
26
164
114
26
35
67
68
72
68
68
171
169
67
68
68
68
171
68
171
114
112
68
90
91
30
29
30
67
68
114
35
78
114
114
112
170
112
169
67
68
26
26
34
113
123
123
8
171
171
78
170
68
115
59
171
33
170
114
170
67
68
170
114
114
78
78
163
169
113
47
47
112
47
163
